camera_matrix:
- - 1262.5928344678664
  - 0.0
  - 648.2054276616153
- - 0.0
  - 1265.8312026217352
  - 252.69701488669654
- - 0.0
  - 0.0
  - 1.0
dist_coeff:
- - 0.06618267204211724
  - -0.5069270657616467
  - -0.009744529489059562
  - 0.0068031902613464625
  - 4.03842902115292
